209715200S
     2038238          652
      -14861           -3
      -10764           -2
        3522            1
        7324            1
        3473            1
        7221            1
      -14877           -3
      -27068           -5
      -15047           -3
        3515            1
        7232            1
        3517            1
        7252            1
        5608            1
       -5496           -1
        4988            1
      -15003           -3
        3521            1
        7475            1
        4197            1
        7166            1
        6996            1
        4482            1
      -51749          -10
      -15000           -3
      -22071           -4
        7476            1
        2574            1
      -70334          -14
