2097152000S
   218890327         5242
        4606            1
     2495765            1
        5179            1
        6678            1
        6414            1
        6247            1
        2450            1
        4234            1
      165992            1
        7216            1
        6378            1
        3407            1
        3708            1
        2746            1
        3723            1
        4386            1
        4517            1
       42884            1
        6598            1
        4004            1
        4220            1
        9051            1
        5690            1
        4096            1
        7375            1
        3855            1
        3796            1
        2747            1
        4409            1
        7235            1
        4258            1
        5428            1
       67334            1
       54477            1
        5652            1
       39761            1
        3291            1
        4935            1
        4591            1
        5375            1
        9053            1
     2743923            1
        2747            1
        2747            1
       28311            1
        3211            1
        3210            1
     1146452            1
      803342            1
      598366            1
        6502            1
        5296            1
        8223            1
       18544            1
        4444            1
       54710            1
        3821            1
        3392            1
        3803            1
        3004            1
        4630            1
      523128            1
        6464            1
       65238            1
        3889            1
        7903            1
        9723            1
      230594            1
        3800            1
        3903            1
        8597            1
        5119            1
        2324            1
        8491            1
        6483            1
        3470            1
        3530            1
        2240            1
       19067            1
        3693            1
        4545            1
        4147            1
        4447            1
       50341            1
        6470            1
        3196            1
        4429            1
   -13241084          -77
        2741            1
       53956            1
     5172815            1
      372642            1
        4394            1
       11040            1
        4408            1
       -7676           -2
       56149            1
        8014            1
        5204            1
      -16692           -4
        4001            1
        2979            1
     -141951           -1
    21857958            1
        4392            1
       52700            1
        3803            1
     -984419           -7
       52200            1
       57794            1
     2952252            1
       -8180           -2
     2851260            1
     3328842            1
     3259402            1
     3039373            1
     3069086            1
     2821681            1
      147441            1
      341122            1
        9046            1
       32856            1
       -3805           -1
        4557            1
        4470            1
      -31621           -4
       19938            1
       28546            1
        3737            1
       27245            1
      523971            1
      318873            1
       17218            1
        8606            1
      342540            1
       21652            1
     -140400           -8
        2988            1
      -10003           -2
        3599            1
       21046            1
        6564            1
      -26774           -3
        3944            1
       63850            1
        4137            1
     -598334           -1
        5633            1
     -573640           -2
        4573            1
